一、总体情况
这里是总体情况的说明文字。

二、主动公开政府信息情况
这里是主动公开政府信息的说明。

三、收到和处理政府信息公开申请情况
（收到和处理政府信息公开申请情况表）
以下是表格数据：
1 2 3 4 5 6 7
8 9 10 11 12 13 14
15 16 17 18 19 20 21
22 23 24 25 26 27 28
29 30 31 32 33 34 35
36 37 38 39 40 41 42
43 44 45 46 47 48 49
50 51 52 53 54 55 56
57 58 59 60 61 62 63
64 65 66 67 68 69 70
71 72 73 74 75 76 77
78 79 80 81 82 83 84
85 86 87 88 89 90 91
92 93 94 95 96 97 98
99 100 101 102 103 104 105
106 107 108 109 110 111 112
113 114 115 116 117 118 119
120 121 122 123 124 125 126
127 128 129 130 131 132 133
134 135 136 137 138 139 140
141 142 143 144 145 146 147
148 149 150 151 152 153 154
155 156 157 158 159 160 161
162 163 164 165 166 167 168
169 170 171 172 173 174 175

四、政府信息公开行政复议、行政诉讼情况
这里是行政复议、行政诉讼的说明。

五、存在的主要问题及改进情况
这里是存在的主要问题及改进情况的说明。

六、其他需要报告的事项
这里是其他需要报告的事项。
